maxcnt:90
cntdiff -1 0 1
0 0.00 0.9578125 0.0421875
1 0.0421875 0.915625 0.0421875
2 0.0421875 0.915625 0.0421875
3 0.0421875 0.915625 0.0421875
4 0.0421875 0.915625 0.0421875
5 0.0421875 0.915625 0.0421875
6 0.0421875 0.915625 0.0421875
7 0.0421875 0.915625 0.0421875
8 0.0421875 0.915625 0.0421875
9 0.0421875 0.915625 0.0421875
10 0.0421875 0.915625 0.0421875
11 0.0421875 0.915625 0.0421875
12 0.0421875 0.915625 0.0421875
13 0.0421875 0.915625 0.0421875
14 0.0421875 0.915625 0.0421875
15 0.0421875 0.915625 0.0421875
16 0.0421875 0.915625 0.0421875
17 0.0421875 0.915625 0.0421875
18 0.0421875 0.915625 0.0421875
19 0.0421875 0.915625 0.0421875
20 0.0421875 0.915625 0.0421875
21 0.0421875 0.915625 0.0421875
22 0.0421875 0.915625 0.0421875
23 0.0421875 0.915625 0.0421875
24 0.0421875 0.915625 0.0421875
25 0.0421875 0.915625 0.0421875
26 0.0421875 0.915625 0.0421875
27 0.0421875 0.915625 0.0421875
28 0.0421875 0.915625 0.0421875
29 0.0421875 0.915625 0.0421875
30 0.0421875 0.915625 0.0421875
31 0.0421875 0.915625 0.0421875
32 0.0421875 0.915625 0.0421875
33 0.0421875 0.915625 0.0421875
34 0.0421875 0.915625 0.0421875
35 0.0421875 0.915625 0.0421875
36 0.0421875 0.915625 0.0421875
37 0.0421875 0.915625 0.0421875
38 0.0421875 0.915625 0.0421875
39 0.0421875 0.915625 0.0421875
40 0.0421875 0.915625 0.0421875
41 0.0421875 0.915625 0.0421875
42 0.0421875 0.915625 0.0421875
43 0.0421875 0.915625 0.0421875
44 0.0421875 0.915625 0.0421875
45 0.0421875 0.915625 0.0421875
46 0.0421875 0.915625 0.0421875
47 0.0421875 0.915625 0.0421875
48 0.0421875 0.915625 0.0421875
49 0.0421875 0.915625 0.0421875
50 0.0421875 0.915625 0.0421875
51 0.0421875 0.915625 0.0421875
52 0.0421875 0.915625 0.0421875
53 0.0421875 0.915625 0.0421875
54 0.0421875 0.915625 0.0421875
55 0.0421875 0.915625 0.0421875
56 0.0421875 0.915625 0.0421875
57 0.0421875 0.915625 0.0421875
58 0.0421875 0.915625 0.0421875
59 0.0421875 0.915625 0.0421875
60 0.0421875 0.915625 0.0421875
61 0.0421875 0.915625 0.0421875
62 0.0421875 0.915625 0.0421875
63 0.0421875 0.915625 0.0421875
64 0.0421875 0.915625 0.0421875
65 0.0421875 0.915625 0.0421875
66 0.0421875 0.915625 0.0421875
67 0.0421875 0.915625 0.0421875
68 0.0421875 0.915625 0.0421875
69 0.0421875 0.915625 0.0421875
70 0.0421875 0.915625 0.0421875
71 0.0421875 0.915625 0.0421875
72 0.0421875 0.915625 0.0421875
73 0.0421875 0.915625 0.0421875
74 0.0421875 0.915625 0.0421875
75 0.0421875 0.915625 0.0421875
76 0.0421875 0.915625 0.0421875
77 0.0421875 0.915625 0.0421875
78 0.0421875 0.915625 0.0421875
79 0.0421875 0.915625 0.0421875
80 0.0421875 0.915625 0.0421875
81 0.0421875 0.915625 0.0421875
82 0.0421875 0.915625 0.0421875
83 0.0421875 0.915625 0.0421875
84 0.0421875 0.915625 0.0421875
85 0.0421875 0.915625 0.0421875
86 0.0421875 0.915625 0.0421875
87 0.0421875 0.915625 0.0421875
88 0.0421875 0.915625 0.0421875
89 0.0421875 0.915625 0.0421875
90 0.0421875 0.915625 0.0421875