maxcnt:90
cntdiff -1 0 1
0 0.00 0.95087890625 0.04912109375
1 0.04912109375 0.9017578125 0.04912109375
2 0.04912109375 0.9017578125 0.04912109375
3 0.04912109375 0.9017578125 0.04912109375
4 0.04912109375 0.9017578125 0.04912109375
5 0.04912109375 0.9017578125 0.04912109375
6 0.04912109375 0.9017578125 0.04912109375
7 0.04912109375 0.9017578125 0.04912109375
8 0.04912109375 0.9017578125 0.04912109375
9 0.04912109375 0.9017578125 0.04912109375
10 0.04912109375 0.9017578125 0.04912109375
11 0.04912109375 0.9017578125 0.04912109375
12 0.04912109375 0.9017578125 0.04912109375
13 0.04912109375 0.9017578125 0.04912109375
14 0.04912109375 0.9017578125 0.04912109375
15 0.04912109375 0.9017578125 0.04912109375
16 0.04912109375 0.9017578125 0.04912109375
17 0.04912109375 0.9017578125 0.04912109375
18 0.04912109375 0.9017578125 0.04912109375
19 0.04912109375 0.9017578125 0.04912109375
20 0.04912109375 0.9017578125 0.04912109375
21 0.04912109375 0.9017578125 0.04912109375
22 0.04912109375 0.9017578125 0.04912109375
23 0.04912109375 0.9017578125 0.04912109375
24 0.04912109375 0.9017578125 0.04912109375
25 0.04912109375 0.9017578125 0.04912109375
26 0.04912109375 0.9017578125 0.04912109375
27 0.04912109375 0.9017578125 0.04912109375
28 0.04912109375 0.9017578125 0.04912109375
29 0.04912109375 0.9017578125 0.04912109375
30 0.04912109375 0.9017578125 0.04912109375
31 0.04912109375 0.9017578125 0.04912109375
32 0.04912109375 0.9017578125 0.04912109375
33 0.04912109375 0.9017578125 0.04912109375
34 0.04912109375 0.9017578125 0.04912109375
35 0.04912109375 0.9017578125 0.04912109375
36 0.04912109375 0.9017578125 0.04912109375
37 0.04912109375 0.9017578125 0.04912109375
38 0.04912109375 0.9017578125 0.04912109375
39 0.04912109375 0.9017578125 0.04912109375
40 0.04912109375 0.9017578125 0.04912109375
41 0.04912109375 0.9017578125 0.04912109375
42 0.04912109375 0.9017578125 0.04912109375
43 0.04912109375 0.9017578125 0.04912109375
44 0.04912109375 0.9017578125 0.04912109375
45 0.04912109375 0.9017578125 0.04912109375
46 0.04912109375 0.9017578125 0.04912109375
47 0.04912109375 0.9017578125 0.04912109375
48 0.04912109375 0.9017578125 0.04912109375
49 0.04912109375 0.9017578125 0.04912109375
50 0.04912109375 0.9017578125 0.04912109375
51 0.04912109375 0.9017578125 0.04912109375
52 0.04912109375 0.9017578125 0.04912109375
53 0.04912109375 0.9017578125 0.04912109375
54 0.04912109375 0.9017578125 0.04912109375
55 0.04912109375 0.9017578125 0.04912109375
56 0.04912109375 0.9017578125 0.04912109375
57 0.04912109375 0.9017578125 0.04912109375
58 0.04912109375 0.9017578125 0.04912109375
59 0.04912109375 0.9017578125 0.04912109375
60 0.04912109375 0.9017578125 0.04912109375
61 0.04912109375 0.9017578125 0.04912109375
62 0.04912109375 0.9017578125 0.04912109375
63 0.04912109375 0.9017578125 0.04912109375
64 0.04912109375 0.9017578125 0.04912109375
65 0.04912109375 0.9017578125 0.04912109375
66 0.04912109375 0.9017578125 0.04912109375
67 0.04912109375 0.9017578125 0.04912109375
68 0.04912109375 0.9017578125 0.04912109375
69 0.04912109375 0.9017578125 0.04912109375
70 0.04912109375 0.9017578125 0.04912109375
71 0.04912109375 0.9017578125 0.04912109375
72 0.04912109375 0.9017578125 0.04912109375
73 0.04912109375 0.9017578125 0.04912109375
74 0.04912109375 0.9017578125 0.04912109375
75 0.04912109375 0.9017578125 0.04912109375
76 0.04912109375 0.9017578125 0.04912109375
77 0.04912109375 0.9017578125 0.04912109375
78 0.04912109375 0.9017578125 0.04912109375
79 0.04912109375 0.9017578125 0.04912109375
80 0.04912109375 0.9017578125 0.04912109375
81 0.04912109375 0.9017578125 0.04912109375
82 0.04912109375 0.9017578125 0.04912109375
83 0.04912109375 0.9017578125 0.04912109375
84 0.04912109375 0.9017578125 0.04912109375
85 0.04912109375 0.9017578125 0.04912109375
86 0.04912109375 0.9017578125 0.04912109375
87 0.04912109375 0.9017578125 0.04912109375
88 0.04912109375 0.9017578125 0.04912109375
89 0.04912109375 0.9017578125 0.04912109375
90 0.04912109375 0.9017578125 0.04912109375