maxcnt:90
cntdiff -1 0 1
0 0.00 0.9421875 0.0578125
1 0.0578125 0.884375 0.0578125
2 0.0578125 0.884375 0.0578125
3 0.0578125 0.884375 0.0578125
4 0.0578125 0.884375 0.0578125
5 0.0578125 0.884375 0.0578125
6 0.0578125 0.884375 0.0578125
7 0.0578125 0.884375 0.0578125
8 0.0578125 0.884375 0.0578125
9 0.0578125 0.884375 0.0578125
10 0.0578125 0.884375 0.0578125
11 0.0578125 0.884375 0.0578125
12 0.0578125 0.884375 0.0578125
13 0.0578125 0.884375 0.0578125
14 0.0578125 0.884375 0.0578125
15 0.0578125 0.884375 0.0578125
16 0.0578125 0.884375 0.0578125
17 0.0578125 0.884375 0.0578125
18 0.0578125 0.884375 0.0578125
19 0.0578125 0.884375 0.0578125
20 0.0578125 0.884375 0.0578125
21 0.0578125 0.884375 0.0578125
22 0.0578125 0.884375 0.0578125
23 0.0578125 0.884375 0.0578125
24 0.0578125 0.884375 0.0578125
25 0.0578125 0.884375 0.0578125
26 0.0578125 0.884375 0.0578125
27 0.0578125 0.884375 0.0578125
28 0.0578125 0.884375 0.0578125
29 0.0578125 0.884375 0.0578125
30 0.0578125 0.884375 0.0578125
31 0.0578125 0.884375 0.0578125
32 0.0578125 0.884375 0.0578125
33 0.0578125 0.884375 0.0578125
34 0.0578125 0.884375 0.0578125
35 0.0578125 0.884375 0.0578125
36 0.0578125 0.884375 0.0578125
37 0.0578125 0.884375 0.0578125
38 0.0578125 0.884375 0.0578125
39 0.0578125 0.884375 0.0578125
40 0.0578125 0.884375 0.0578125
41 0.0578125 0.884375 0.0578125
42 0.0578125 0.884375 0.0578125
43 0.0578125 0.884375 0.0578125
44 0.0578125 0.884375 0.0578125
45 0.0578125 0.884375 0.0578125
46 0.0578125 0.884375 0.0578125
47 0.0578125 0.884375 0.0578125
48 0.0578125 0.884375 0.0578125
49 0.0578125 0.884375 0.0578125
50 0.0578125 0.884375 0.0578125
51 0.0578125 0.884375 0.0578125
52 0.0578125 0.884375 0.0578125
53 0.0578125 0.884375 0.0578125
54 0.0578125 0.884375 0.0578125
55 0.0578125 0.884375 0.0578125
56 0.0578125 0.884375 0.0578125
57 0.0578125 0.884375 0.0578125
58 0.0578125 0.884375 0.0578125
59 0.0578125 0.884375 0.0578125
60 0.0578125 0.884375 0.0578125
61 0.0578125 0.884375 0.0578125
62 0.0578125 0.884375 0.0578125
63 0.0578125 0.884375 0.0578125
64 0.0578125 0.884375 0.0578125
65 0.0578125 0.884375 0.0578125
66 0.0578125 0.884375 0.0578125
67 0.0578125 0.884375 0.0578125
68 0.0578125 0.884375 0.0578125
69 0.0578125 0.884375 0.0578125
70 0.0578125 0.884375 0.0578125
71 0.0578125 0.884375 0.0578125
72 0.0578125 0.884375 0.0578125
73 0.0578125 0.884375 0.0578125
74 0.0578125 0.884375 0.0578125
75 0.0578125 0.884375 0.0578125
76 0.0578125 0.884375 0.0578125
77 0.0578125 0.884375 0.0578125
78 0.0578125 0.884375 0.0578125
79 0.0578125 0.884375 0.0578125
80 0.0578125 0.884375 0.0578125
81 0.0578125 0.884375 0.0578125
82 0.0578125 0.884375 0.0578125
83 0.0578125 0.884375 0.0578125
84 0.0578125 0.884375 0.0578125
85 0.0578125 0.884375 0.0578125
86 0.0578125 0.884375 0.0578125
87 0.0578125 0.884375 0.0578125
88 0.0578125 0.884375 0.0578125
89 0.0578125 0.884375 0.0578125
90 0.0578125 0.884375 0.0578125