maxcnt:90
cntdiff -1 0 1
0 0.00 0.9375 0.0625
1 0.0625 0.875 0.0625
2 0.0625 0.875 0.0625
3 0.0625 0.875 0.0625
4 0.0625 0.875 0.0625
5 0.0625 0.875 0.0625
6 0.0625 0.875 0.0625
7 0.0625 0.875 0.0625
8 0.0625 0.875 0.0625
9 0.0625 0.875 0.0625
10 0.0625 0.875 0.0625
11 0.0625 0.875 0.0625
12 0.0625 0.875 0.0625
13 0.0625 0.875 0.0625
14 0.0625 0.875 0.0625
15 0.0625 0.875 0.0625
16 0.0625 0.875 0.0625
17 0.0625 0.875 0.0625
18 0.0625 0.875 0.0625
19 0.0625 0.875 0.0625
20 0.0625 0.875 0.0625
21 0.0625 0.875 0.0625
22 0.0625 0.875 0.0625
23 0.0625 0.875 0.0625
24 0.0625 0.875 0.0625
25 0.0625 0.875 0.0625
26 0.0625 0.875 0.0625
27 0.0625 0.875 0.0625
28 0.0625 0.875 0.0625
29 0.0625 0.875 0.0625
30 0.0625 0.875 0.0625
31 0.0625 0.875 0.0625
32 0.0625 0.875 0.0625
33 0.0625 0.875 0.0625
34 0.0625 0.875 0.0625
35 0.0625 0.875 0.0625
36 0.0625 0.875 0.0625
37 0.0625 0.875 0.0625
38 0.0625 0.875 0.0625
39 0.0625 0.875 0.0625
40 0.0625 0.875 0.0625
41 0.0625 0.875 0.0625
42 0.0625 0.875 0.0625
43 0.0625 0.875 0.0625
44 0.0625 0.875 0.0625
45 0.0625 0.875 0.0625
46 0.0625 0.875 0.0625
47 0.0625 0.875 0.0625
48 0.0625 0.875 0.0625
49 0.0625 0.875 0.0625
50 0.0625 0.875 0.0625
51 0.0625 0.875 0.0625
52 0.0625 0.875 0.0625
53 0.0625 0.875 0.0625
54 0.0625 0.875 0.0625
55 0.0625 0.875 0.0625
56 0.0625 0.875 0.0625
57 0.0625 0.875 0.0625
58 0.0625 0.875 0.0625
59 0.0625 0.875 0.0625
60 0.0625 0.875 0.0625
61 0.0625 0.875 0.0625
62 0.0625 0.875 0.0625
63 0.0625 0.875 0.0625
64 0.0625 0.875 0.0625
65 0.0625 0.875 0.0625
66 0.0625 0.875 0.0625
67 0.0625 0.875 0.0625
68 0.0625 0.875 0.0625
69 0.0625 0.875 0.0625
70 0.0625 0.875 0.0625
71 0.0625 0.875 0.0625
72 0.0625 0.875 0.0625
73 0.0625 0.875 0.0625
74 0.0625 0.875 0.0625
75 0.0625 0.875 0.0625
76 0.0625 0.875 0.0625
77 0.0625 0.875 0.0625
78 0.0625 0.875 0.0625
79 0.0625 0.875 0.0625
80 0.0625 0.875 0.0625
81 0.0625 0.875 0.0625
82 0.0625 0.875 0.0625
83 0.0625 0.875 0.0625
84 0.0625 0.875 0.0625
85 0.0625 0.875 0.0625
86 0.0625 0.875 0.0625
87 0.0625 0.875 0.0625
88 0.0625 0.875 0.0625
89 0.0625 0.875 0.0625
90 0.0625 0.875 0.0625