maxcnt:90
cntdiff -1 0 1
0 0.00 0.9734375 0.0265625
1 0.0265625 0.946875 0.0265625
2 0.0265625 0.946875 0.0265625
3 0.0265625 0.946875 0.0265625
4 0.0265625 0.946875 0.0265625
5 0.0265625 0.946875 0.0265625
6 0.0265625 0.946875 0.0265625
7 0.0265625 0.946875 0.0265625
8 0.0265625 0.946875 0.0265625
9 0.0265625 0.946875 0.0265625
10 0.0265625 0.946875 0.0265625
11 0.0265625 0.946875 0.0265625
12 0.0265625 0.946875 0.0265625
13 0.0265625 0.946875 0.0265625
14 0.0265625 0.946875 0.0265625
15 0.0265625 0.946875 0.0265625
16 0.0265625 0.946875 0.0265625
17 0.0265625 0.946875 0.0265625
18 0.0265625 0.946875 0.0265625
19 0.0265625 0.946875 0.0265625
20 0.0265625 0.946875 0.0265625
21 0.0265625 0.946875 0.0265625
22 0.0265625 0.946875 0.0265625
23 0.0265625 0.946875 0.0265625
24 0.0265625 0.946875 0.0265625
25 0.0265625 0.946875 0.0265625
26 0.0265625 0.946875 0.0265625
27 0.0265625 0.946875 0.0265625
28 0.0265625 0.946875 0.0265625
29 0.0265625 0.946875 0.0265625
30 0.0265625 0.946875 0.0265625
31 0.0265625 0.946875 0.0265625
32 0.0265625 0.946875 0.0265625
33 0.0265625 0.946875 0.0265625
34 0.0265625 0.946875 0.0265625
35 0.0265625 0.946875 0.0265625
36 0.0265625 0.946875 0.0265625
37 0.0265625 0.946875 0.0265625
38 0.0265625 0.946875 0.0265625
39 0.0265625 0.946875 0.0265625
40 0.0265625 0.946875 0.0265625
41 0.0265625 0.946875 0.0265625
42 0.0265625 0.946875 0.0265625
43 0.0265625 0.946875 0.0265625
44 0.0265625 0.946875 0.0265625
45 0.0265625 0.946875 0.0265625
46 0.0265625 0.946875 0.0265625
47 0.0265625 0.946875 0.0265625
48 0.0265625 0.946875 0.0265625
49 0.0265625 0.946875 0.0265625
50 0.0265625 0.946875 0.0265625
51 0.0265625 0.946875 0.0265625
52 0.0265625 0.946875 0.0265625
53 0.0265625 0.946875 0.0265625
54 0.0265625 0.946875 0.0265625
55 0.0265625 0.946875 0.0265625
56 0.0265625 0.946875 0.0265625
57 0.0265625 0.946875 0.0265625
58 0.0265625 0.946875 0.0265625
59 0.0265625 0.946875 0.0265625
60 0.0265625 0.946875 0.0265625
61 0.0265625 0.946875 0.0265625
62 0.0265625 0.946875 0.0265625
63 0.0265625 0.946875 0.0265625
64 0.0265625 0.946875 0.0265625
65 0.0265625 0.946875 0.0265625
66 0.0265625 0.946875 0.0265625
67 0.0265625 0.946875 0.0265625
68 0.0265625 0.946875 0.0265625
69 0.0265625 0.946875 0.0265625
70 0.0265625 0.946875 0.0265625
71 0.0265625 0.946875 0.0265625
72 0.0265625 0.946875 0.0265625
73 0.0265625 0.946875 0.0265625
74 0.0265625 0.946875 0.0265625
75 0.0265625 0.946875 0.0265625
76 0.0265625 0.946875 0.0265625
77 0.0265625 0.946875 0.0265625
78 0.0265625 0.946875 0.0265625
79 0.0265625 0.946875 0.0265625
80 0.0265625 0.946875 0.0265625
81 0.0265625 0.946875 0.0265625
82 0.0265625 0.946875 0.0265625
83 0.0265625 0.946875 0.0265625
84 0.0265625 0.946875 0.0265625
85 0.0265625 0.946875 0.0265625
86 0.0265625 0.946875 0.0265625
87 0.0265625 0.946875 0.0265625
88 0.0265625 0.946875 0.0265625
89 0.0265625 0.946875 0.0265625
90 0.0265625 0.946875 0.0265625