maxcnt:90
cntdiff -1 0 1
0 0.00 0.94365234375 0.05634765625
1 0.05634765625 0.8873046875 0.05634765625
2 0.05634765625 0.8873046875 0.05634765625
3 0.05634765625 0.8873046875 0.05634765625
4 0.05634765625 0.8873046875 0.05634765625
5 0.05634765625 0.8873046875 0.05634765625
6 0.05634765625 0.8873046875 0.05634765625
7 0.05634765625 0.8873046875 0.05634765625
8 0.05634765625 0.8873046875 0.05634765625
9 0.05634765625 0.8873046875 0.05634765625
10 0.05634765625 0.8873046875 0.05634765625
11 0.05634765625 0.8873046875 0.05634765625
12 0.05634765625 0.8873046875 0.05634765625
13 0.05634765625 0.8873046875 0.05634765625
14 0.05634765625 0.8873046875 0.05634765625
15 0.05634765625 0.8873046875 0.05634765625
16 0.05634765625 0.8873046875 0.05634765625
17 0.05634765625 0.8873046875 0.05634765625
18 0.05634765625 0.8873046875 0.05634765625
19 0.05634765625 0.8873046875 0.05634765625
20 0.05634765625 0.8873046875 0.05634765625
21 0.05634765625 0.8873046875 0.05634765625
22 0.05634765625 0.8873046875 0.05634765625
23 0.05634765625 0.8873046875 0.05634765625
24 0.05634765625 0.8873046875 0.05634765625
25 0.05634765625 0.8873046875 0.05634765625
26 0.05634765625 0.8873046875 0.05634765625
27 0.05634765625 0.8873046875 0.05634765625
28 0.05634765625 0.8873046875 0.05634765625
29 0.05634765625 0.8873046875 0.05634765625
30 0.05634765625 0.8873046875 0.05634765625
31 0.05634765625 0.8873046875 0.05634765625
32 0.05634765625 0.8873046875 0.05634765625
33 0.05634765625 0.8873046875 0.05634765625
34 0.05634765625 0.8873046875 0.05634765625
35 0.05634765625 0.8873046875 0.05634765625
36 0.05634765625 0.8873046875 0.05634765625
37 0.05634765625 0.8873046875 0.05634765625
38 0.05634765625 0.8873046875 0.05634765625
39 0.05634765625 0.8873046875 0.05634765625
40 0.05634765625 0.8873046875 0.05634765625
41 0.05634765625 0.8873046875 0.05634765625
42 0.05634765625 0.8873046875 0.05634765625
43 0.05634765625 0.8873046875 0.05634765625
44 0.05634765625 0.8873046875 0.05634765625
45 0.05634765625 0.8873046875 0.05634765625
46 0.05634765625 0.8873046875 0.05634765625
47 0.05634765625 0.8873046875 0.05634765625
48 0.05634765625 0.8873046875 0.05634765625
49 0.05634765625 0.8873046875 0.05634765625
50 0.05634765625 0.8873046875 0.05634765625
51 0.05634765625 0.8873046875 0.05634765625
52 0.05634765625 0.8873046875 0.05634765625
53 0.05634765625 0.8873046875 0.05634765625
54 0.05634765625 0.8873046875 0.05634765625
55 0.05634765625 0.8873046875 0.05634765625
56 0.05634765625 0.8873046875 0.05634765625
57 0.05634765625 0.8873046875 0.05634765625
58 0.05634765625 0.8873046875 0.05634765625
59 0.05634765625 0.8873046875 0.05634765625
60 0.05634765625 0.8873046875 0.05634765625
61 0.05634765625 0.8873046875 0.05634765625
62 0.05634765625 0.8873046875 0.05634765625
63 0.05634765625 0.8873046875 0.05634765625
64 0.05634765625 0.8873046875 0.05634765625
65 0.05634765625 0.8873046875 0.05634765625
66 0.05634765625 0.8873046875 0.05634765625
67 0.05634765625 0.8873046875 0.05634765625
68 0.05634765625 0.8873046875 0.05634765625
69 0.05634765625 0.8873046875 0.05634765625
70 0.05634765625 0.8873046875 0.05634765625
71 0.05634765625 0.8873046875 0.05634765625
72 0.05634765625 0.8873046875 0.05634765625
73 0.05634765625 0.8873046875 0.05634765625
74 0.05634765625 0.8873046875 0.05634765625
75 0.05634765625 0.8873046875 0.05634765625
76 0.05634765625 0.8873046875 0.05634765625
77 0.05634765625 0.8873046875 0.05634765625
78 0.05634765625 0.8873046875 0.05634765625
79 0.05634765625 0.8873046875 0.05634765625
80 0.05634765625 0.8873046875 0.05634765625
81 0.05634765625 0.8873046875 0.05634765625
82 0.05634765625 0.8873046875 0.05634765625
83 0.05634765625 0.8873046875 0.05634765625
84 0.05634765625 0.8873046875 0.05634765625
85 0.05634765625 0.8873046875 0.05634765625
86 0.05634765625 0.8873046875 0.05634765625
87 0.05634765625 0.8873046875 0.05634765625
88 0.05634765625 0.8873046875 0.05634765625
89 0.05634765625 0.8873046875 0.05634765625
90 0.05634765625 0.8873046875 0.05634765625