maxcnt:90
cntdiff -1 0 1
0 0.00 0.9451171875 0.0548828125
1 0.0548828125 0.890234375 0.0548828125
2 0.0548828125 0.890234375 0.0548828125
3 0.0548828125 0.890234375 0.0548828125
4 0.0548828125 0.890234375 0.0548828125
5 0.0548828125 0.890234375 0.0548828125
6 0.0548828125 0.890234375 0.0548828125
7 0.0548828125 0.890234375 0.0548828125
8 0.0548828125 0.890234375 0.0548828125
9 0.0548828125 0.890234375 0.0548828125
10 0.0548828125 0.890234375 0.0548828125
11 0.0548828125 0.890234375 0.0548828125
12 0.0548828125 0.890234375 0.0548828125
13 0.0548828125 0.890234375 0.0548828125
14 0.0548828125 0.890234375 0.0548828125
15 0.0548828125 0.890234375 0.0548828125
16 0.0548828125 0.890234375 0.0548828125
17 0.0548828125 0.890234375 0.0548828125
18 0.0548828125 0.890234375 0.0548828125
19 0.0548828125 0.890234375 0.0548828125
20 0.0548828125 0.890234375 0.0548828125
21 0.0548828125 0.890234375 0.0548828125
22 0.0548828125 0.890234375 0.0548828125
23 0.0548828125 0.890234375 0.0548828125
24 0.0548828125 0.890234375 0.0548828125
25 0.0548828125 0.890234375 0.0548828125
26 0.0548828125 0.890234375 0.0548828125
27 0.0548828125 0.890234375 0.0548828125
28 0.0548828125 0.890234375 0.0548828125
29 0.0548828125 0.890234375 0.0548828125
30 0.0548828125 0.890234375 0.0548828125
31 0.0548828125 0.890234375 0.0548828125
32 0.0548828125 0.890234375 0.0548828125
33 0.0548828125 0.890234375 0.0548828125
34 0.0548828125 0.890234375 0.0548828125
35 0.0548828125 0.890234375 0.0548828125
36 0.0548828125 0.890234375 0.0548828125
37 0.0548828125 0.890234375 0.0548828125
38 0.0548828125 0.890234375 0.0548828125
39 0.0548828125 0.890234375 0.0548828125
40 0.0548828125 0.890234375 0.0548828125
41 0.0548828125 0.890234375 0.0548828125
42 0.0548828125 0.890234375 0.0548828125
43 0.0548828125 0.890234375 0.0548828125
44 0.0548828125 0.890234375 0.0548828125
45 0.0548828125 0.890234375 0.0548828125
46 0.0548828125 0.890234375 0.0548828125
47 0.0548828125 0.890234375 0.0548828125
48 0.0548828125 0.890234375 0.0548828125
49 0.0548828125 0.890234375 0.0548828125
50 0.0548828125 0.890234375 0.0548828125
51 0.0548828125 0.890234375 0.0548828125
52 0.0548828125 0.890234375 0.0548828125
53 0.0548828125 0.890234375 0.0548828125
54 0.0548828125 0.890234375 0.0548828125
55 0.0548828125 0.890234375 0.0548828125
56 0.0548828125 0.890234375 0.0548828125
57 0.0548828125 0.890234375 0.0548828125
58 0.0548828125 0.890234375 0.0548828125
59 0.0548828125 0.890234375 0.0548828125
60 0.0548828125 0.890234375 0.0548828125
61 0.0548828125 0.890234375 0.0548828125
62 0.0548828125 0.890234375 0.0548828125
63 0.0548828125 0.890234375 0.0548828125
64 0.0548828125 0.890234375 0.0548828125
65 0.0548828125 0.890234375 0.0548828125
66 0.0548828125 0.890234375 0.0548828125
67 0.0548828125 0.890234375 0.0548828125
68 0.0548828125 0.890234375 0.0548828125
69 0.0548828125 0.890234375 0.0548828125
70 0.0548828125 0.890234375 0.0548828125
71 0.0548828125 0.890234375 0.0548828125
72 0.0548828125 0.890234375 0.0548828125
73 0.0548828125 0.890234375 0.0548828125
74 0.0548828125 0.890234375 0.0548828125
75 0.0548828125 0.890234375 0.0548828125
76 0.0548828125 0.890234375 0.0548828125
77 0.0548828125 0.890234375 0.0548828125
78 0.0548828125 0.890234375 0.0548828125
79 0.0548828125 0.890234375 0.0548828125
80 0.0548828125 0.890234375 0.0548828125
81 0.0548828125 0.890234375 0.0548828125
82 0.0548828125 0.890234375 0.0548828125
83 0.0548828125 0.890234375 0.0548828125
84 0.0548828125 0.890234375 0.0548828125
85 0.0548828125 0.890234375 0.0548828125
86 0.0548828125 0.890234375 0.0548828125
87 0.0548828125 0.890234375 0.0548828125
88 0.0548828125 0.890234375 0.0548828125
89 0.0548828125 0.890234375 0.0548828125
90 0.0548828125 0.890234375 0.0548828125