maxcnt:90
cntdiff -1 0 1
0 0.00 0.958642578125 0.041357421875
1 0.041357421875 0.91728515625 0.041357421875
2 0.041357421875 0.91728515625 0.041357421875
3 0.041357421875 0.91728515625 0.041357421875
4 0.041357421875 0.91728515625 0.041357421875
5 0.041357421875 0.91728515625 0.041357421875
6 0.041357421875 0.91728515625 0.041357421875
7 0.041357421875 0.91728515625 0.041357421875
8 0.041357421875 0.91728515625 0.041357421875
9 0.041357421875 0.91728515625 0.041357421875
10 0.041357421875 0.91728515625 0.041357421875
11 0.041357421875 0.91728515625 0.041357421875
12 0.041357421875 0.91728515625 0.041357421875
13 0.041357421875 0.91728515625 0.041357421875
14 0.041357421875 0.91728515625 0.041357421875
15 0.041357421875 0.91728515625 0.041357421875
16 0.041357421875 0.91728515625 0.041357421875
17 0.041357421875 0.91728515625 0.041357421875
18 0.041357421875 0.91728515625 0.041357421875
19 0.041357421875 0.91728515625 0.041357421875
20 0.041357421875 0.91728515625 0.041357421875
21 0.041357421875 0.91728515625 0.041357421875
22 0.041357421875 0.91728515625 0.041357421875
23 0.041357421875 0.91728515625 0.041357421875
24 0.041357421875 0.91728515625 0.041357421875
25 0.041357421875 0.91728515625 0.041357421875
26 0.041357421875 0.91728515625 0.041357421875
27 0.041357421875 0.91728515625 0.041357421875
28 0.041357421875 0.91728515625 0.041357421875
29 0.041357421875 0.91728515625 0.041357421875
30 0.041357421875 0.91728515625 0.041357421875
31 0.041357421875 0.91728515625 0.041357421875
32 0.041357421875 0.91728515625 0.041357421875
33 0.041357421875 0.91728515625 0.041357421875
34 0.041357421875 0.91728515625 0.041357421875
35 0.041357421875 0.91728515625 0.041357421875
36 0.041357421875 0.91728515625 0.041357421875
37 0.041357421875 0.91728515625 0.041357421875
38 0.041357421875 0.91728515625 0.041357421875
39 0.041357421875 0.91728515625 0.041357421875
40 0.041357421875 0.91728515625 0.041357421875
41 0.041357421875 0.91728515625 0.041357421875
42 0.041357421875 0.91728515625 0.041357421875
43 0.041357421875 0.91728515625 0.041357421875
44 0.041357421875 0.91728515625 0.041357421875
45 0.041357421875 0.91728515625 0.041357421875
46 0.041357421875 0.91728515625 0.041357421875
47 0.041357421875 0.91728515625 0.041357421875
48 0.041357421875 0.91728515625 0.041357421875
49 0.041357421875 0.91728515625 0.041357421875
50 0.041357421875 0.91728515625 0.041357421875
51 0.041357421875 0.91728515625 0.041357421875
52 0.041357421875 0.91728515625 0.041357421875
53 0.041357421875 0.91728515625 0.041357421875
54 0.041357421875 0.91728515625 0.041357421875
55 0.041357421875 0.91728515625 0.041357421875
56 0.041357421875 0.91728515625 0.041357421875
57 0.041357421875 0.91728515625 0.041357421875
58 0.041357421875 0.91728515625 0.041357421875
59 0.041357421875 0.91728515625 0.041357421875
60 0.041357421875 0.91728515625 0.041357421875
61 0.041357421875 0.91728515625 0.041357421875
62 0.041357421875 0.91728515625 0.041357421875
63 0.041357421875 0.91728515625 0.041357421875
64 0.041357421875 0.91728515625 0.041357421875
65 0.041357421875 0.91728515625 0.041357421875
66 0.041357421875 0.91728515625 0.041357421875
67 0.041357421875 0.91728515625 0.041357421875
68 0.041357421875 0.91728515625 0.041357421875
69 0.041357421875 0.91728515625 0.041357421875
70 0.041357421875 0.91728515625 0.041357421875
71 0.041357421875 0.91728515625 0.041357421875
72 0.041357421875 0.91728515625 0.041357421875
73 0.041357421875 0.91728515625 0.041357421875
74 0.041357421875 0.91728515625 0.041357421875
75 0.041357421875 0.91728515625 0.041357421875
76 0.041357421875 0.91728515625 0.041357421875
77 0.041357421875 0.91728515625 0.041357421875
78 0.041357421875 0.91728515625 0.041357421875
79 0.041357421875 0.91728515625 0.041357421875
80 0.041357421875 0.91728515625 0.041357421875
81 0.041357421875 0.91728515625 0.041357421875
82 0.041357421875 0.91728515625 0.041357421875
83 0.041357421875 0.91728515625 0.041357421875
84 0.041357421875 0.91728515625 0.041357421875
85 0.041357421875 0.91728515625 0.041357421875
86 0.041357421875 0.91728515625 0.041357421875
87 0.041357421875 0.91728515625 0.041357421875
88 0.041357421875 0.91728515625 0.041357421875
89 0.041357421875 0.91728515625 0.041357421875
90 0.041357421875 0.91728515625 0.041357421875