maxcnt:90
cntdiff -1 0 1
0 0.00 0.946875 0.053125
1 0.053125 0.89375 0.053125
2 0.053125 0.89375 0.053125
3 0.053125 0.89375 0.053125
4 0.053125 0.89375 0.053125
5 0.053125 0.89375 0.053125
6 0.053125 0.89375 0.053125
7 0.053125 0.89375 0.053125
8 0.053125 0.89375 0.053125
9 0.053125 0.89375 0.053125
10 0.053125 0.89375 0.053125
11 0.053125 0.89375 0.053125
12 0.053125 0.89375 0.053125
13 0.053125 0.89375 0.053125
14 0.053125 0.89375 0.053125
15 0.053125 0.89375 0.053125
16 0.053125 0.89375 0.053125
17 0.053125 0.89375 0.053125
18 0.053125 0.89375 0.053125
19 0.053125 0.89375 0.053125
20 0.053125 0.89375 0.053125
21 0.053125 0.89375 0.053125
22 0.053125 0.89375 0.053125
23 0.053125 0.89375 0.053125
24 0.053125 0.89375 0.053125
25 0.053125 0.89375 0.053125
26 0.053125 0.89375 0.053125
27 0.053125 0.89375 0.053125
28 0.053125 0.89375 0.053125
29 0.053125 0.89375 0.053125
30 0.053125 0.89375 0.053125
31 0.053125 0.89375 0.053125
32 0.053125 0.89375 0.053125
33 0.053125 0.89375 0.053125
34 0.053125 0.89375 0.053125
35 0.053125 0.89375 0.053125
36 0.053125 0.89375 0.053125
37 0.053125 0.89375 0.053125
38 0.053125 0.89375 0.053125
39 0.053125 0.89375 0.053125
40 0.053125 0.89375 0.053125
41 0.053125 0.89375 0.053125
42 0.053125 0.89375 0.053125
43 0.053125 0.89375 0.053125
44 0.053125 0.89375 0.053125
45 0.053125 0.89375 0.053125
46 0.053125 0.89375 0.053125
47 0.053125 0.89375 0.053125
48 0.053125 0.89375 0.053125
49 0.053125 0.89375 0.053125
50 0.053125 0.89375 0.053125
51 0.053125 0.89375 0.053125
52 0.053125 0.89375 0.053125
53 0.053125 0.89375 0.053125
54 0.053125 0.89375 0.053125
55 0.053125 0.89375 0.053125
56 0.053125 0.89375 0.053125
57 0.053125 0.89375 0.053125
58 0.053125 0.89375 0.053125
59 0.053125 0.89375 0.053125
60 0.053125 0.89375 0.053125
61 0.053125 0.89375 0.053125
62 0.053125 0.89375 0.053125
63 0.053125 0.89375 0.053125
64 0.053125 0.89375 0.053125
65 0.053125 0.89375 0.053125
66 0.053125 0.89375 0.053125
67 0.053125 0.89375 0.053125
68 0.053125 0.89375 0.053125
69 0.053125 0.89375 0.053125
70 0.053125 0.89375 0.053125
71 0.053125 0.89375 0.053125
72 0.053125 0.89375 0.053125
73 0.053125 0.89375 0.053125
74 0.053125 0.89375 0.053125
75 0.053125 0.89375 0.053125
76 0.053125 0.89375 0.053125
77 0.053125 0.89375 0.053125
78 0.053125 0.89375 0.053125
79 0.053125 0.89375 0.053125
80 0.053125 0.89375 0.053125
81 0.053125 0.89375 0.053125
82 0.053125 0.89375 0.053125
83 0.053125 0.89375 0.053125
84 0.053125 0.89375 0.053125
85 0.053125 0.89375 0.053125
86 0.053125 0.89375 0.053125
87 0.053125 0.89375 0.053125
88 0.053125 0.89375 0.053125
89 0.053125 0.89375 0.053125
90 0.053125 0.89375 0.053125