maxcnt:90
cntdiff -1 0 1
0 0.00 0.95390625 0.04609375
1 0.04609375 0.9078125 0.04609375
2 0.04609375 0.9078125 0.04609375
3 0.04609375 0.9078125 0.04609375
4 0.04609375 0.9078125 0.04609375
5 0.04609375 0.9078125 0.04609375
6 0.04609375 0.9078125 0.04609375
7 0.04609375 0.9078125 0.04609375
8 0.04609375 0.9078125 0.04609375
9 0.04609375 0.9078125 0.04609375
10 0.04609375 0.9078125 0.04609375
11 0.04609375 0.9078125 0.04609375
12 0.04609375 0.9078125 0.04609375
13 0.04609375 0.9078125 0.04609375
14 0.04609375 0.9078125 0.04609375
15 0.04609375 0.9078125 0.04609375
16 0.04609375 0.9078125 0.04609375
17 0.04609375 0.9078125 0.04609375
18 0.04609375 0.9078125 0.04609375
19 0.04609375 0.9078125 0.04609375
20 0.04609375 0.9078125 0.04609375
21 0.04609375 0.9078125 0.04609375
22 0.04609375 0.9078125 0.04609375
23 0.04609375 0.9078125 0.04609375
24 0.04609375 0.9078125 0.04609375
25 0.04609375 0.9078125 0.04609375
26 0.04609375 0.9078125 0.04609375
27 0.04609375 0.9078125 0.04609375
28 0.04609375 0.9078125 0.04609375
29 0.04609375 0.9078125 0.04609375
30 0.04609375 0.9078125 0.04609375
31 0.04609375 0.9078125 0.04609375
32 0.04609375 0.9078125 0.04609375
33 0.04609375 0.9078125 0.04609375
34 0.04609375 0.9078125 0.04609375
35 0.04609375 0.9078125 0.04609375
36 0.04609375 0.9078125 0.04609375
37 0.04609375 0.9078125 0.04609375
38 0.04609375 0.9078125 0.04609375
39 0.04609375 0.9078125 0.04609375
40 0.04609375 0.9078125 0.04609375
41 0.04609375 0.9078125 0.04609375
42 0.04609375 0.9078125 0.04609375
43 0.04609375 0.9078125 0.04609375
44 0.04609375 0.9078125 0.04609375
45 0.04609375 0.9078125 0.04609375
46 0.04609375 0.9078125 0.04609375
47 0.04609375 0.9078125 0.04609375
48 0.04609375 0.9078125 0.04609375
49 0.04609375 0.9078125 0.04609375
50 0.04609375 0.9078125 0.04609375
51 0.04609375 0.9078125 0.04609375
52 0.04609375 0.9078125 0.04609375
53 0.04609375 0.9078125 0.04609375
54 0.04609375 0.9078125 0.04609375
55 0.04609375 0.9078125 0.04609375
56 0.04609375 0.9078125 0.04609375
57 0.04609375 0.9078125 0.04609375
58 0.04609375 0.9078125 0.04609375
59 0.04609375 0.9078125 0.04609375
60 0.04609375 0.9078125 0.04609375
61 0.04609375 0.9078125 0.04609375
62 0.04609375 0.9078125 0.04609375
63 0.04609375 0.9078125 0.04609375
64 0.04609375 0.9078125 0.04609375
65 0.04609375 0.9078125 0.04609375
66 0.04609375 0.9078125 0.04609375
67 0.04609375 0.9078125 0.04609375
68 0.04609375 0.9078125 0.04609375
69 0.04609375 0.9078125 0.04609375
70 0.04609375 0.9078125 0.04609375
71 0.04609375 0.9078125 0.04609375
72 0.04609375 0.9078125 0.04609375
73 0.04609375 0.9078125 0.04609375
74 0.04609375 0.9078125 0.04609375
75 0.04609375 0.9078125 0.04609375
76 0.04609375 0.9078125 0.04609375
77 0.04609375 0.9078125 0.04609375
78 0.04609375 0.9078125 0.04609375
79 0.04609375 0.9078125 0.04609375
80 0.04609375 0.9078125 0.04609375
81 0.04609375 0.9078125 0.04609375
82 0.04609375 0.9078125 0.04609375
83 0.04609375 0.9078125 0.04609375
84 0.04609375 0.9078125 0.04609375
85 0.04609375 0.9078125 0.04609375
86 0.04609375 0.9078125 0.04609375
87 0.04609375 0.9078125 0.04609375
88 0.04609375 0.9078125 0.04609375
89 0.04609375 0.9078125 0.04609375
90 0.04609375 0.9078125 0.04609375