maxcnt:90
cntdiff -1 0 1
0 0.00 0.95810546875 0.04189453125
1 0.04189453125 0.9162109375 0.04189453125
2 0.04189453125 0.9162109375 0.04189453125
3 0.04189453125 0.9162109375 0.04189453125
4 0.04189453125 0.9162109375 0.04189453125
5 0.04189453125 0.9162109375 0.04189453125
6 0.04189453125 0.9162109375 0.04189453125
7 0.04189453125 0.9162109375 0.04189453125
8 0.04189453125 0.9162109375 0.04189453125
9 0.04189453125 0.9162109375 0.04189453125
10 0.04189453125 0.9162109375 0.04189453125
11 0.04189453125 0.9162109375 0.04189453125
12 0.04189453125 0.9162109375 0.04189453125
13 0.04189453125 0.9162109375 0.04189453125
14 0.04189453125 0.9162109375 0.04189453125
15 0.04189453125 0.9162109375 0.04189453125
16 0.04189453125 0.9162109375 0.04189453125
17 0.04189453125 0.9162109375 0.04189453125
18 0.04189453125 0.9162109375 0.04189453125
19 0.04189453125 0.9162109375 0.04189453125
20 0.04189453125 0.9162109375 0.04189453125
21 0.04189453125 0.9162109375 0.04189453125
22 0.04189453125 0.9162109375 0.04189453125
23 0.04189453125 0.9162109375 0.04189453125
24 0.04189453125 0.9162109375 0.04189453125
25 0.04189453125 0.9162109375 0.04189453125
26 0.04189453125 0.9162109375 0.04189453125
27 0.04189453125 0.9162109375 0.04189453125
28 0.04189453125 0.9162109375 0.04189453125
29 0.04189453125 0.9162109375 0.04189453125
30 0.04189453125 0.9162109375 0.04189453125
31 0.04189453125 0.9162109375 0.04189453125
32 0.04189453125 0.9162109375 0.04189453125
33 0.04189453125 0.9162109375 0.04189453125
34 0.04189453125 0.9162109375 0.04189453125
35 0.04189453125 0.9162109375 0.04189453125
36 0.04189453125 0.9162109375 0.04189453125
37 0.04189453125 0.9162109375 0.04189453125
38 0.04189453125 0.9162109375 0.04189453125
39 0.04189453125 0.9162109375 0.04189453125
40 0.04189453125 0.9162109375 0.04189453125
41 0.04189453125 0.9162109375 0.04189453125
42 0.04189453125 0.9162109375 0.04189453125
43 0.04189453125 0.9162109375 0.04189453125
44 0.04189453125 0.9162109375 0.04189453125
45 0.04189453125 0.9162109375 0.04189453125
46 0.04189453125 0.9162109375 0.04189453125
47 0.04189453125 0.9162109375 0.04189453125
48 0.04189453125 0.9162109375 0.04189453125
49 0.04189453125 0.9162109375 0.04189453125
50 0.04189453125 0.9162109375 0.04189453125
51 0.04189453125 0.9162109375 0.04189453125
52 0.04189453125 0.9162109375 0.04189453125
53 0.04189453125 0.9162109375 0.04189453125
54 0.04189453125 0.9162109375 0.04189453125
55 0.04189453125 0.9162109375 0.04189453125
56 0.04189453125 0.9162109375 0.04189453125
57 0.04189453125 0.9162109375 0.04189453125
58 0.04189453125 0.9162109375 0.04189453125
59 0.04189453125 0.9162109375 0.04189453125
60 0.04189453125 0.9162109375 0.04189453125
61 0.04189453125 0.9162109375 0.04189453125
62 0.04189453125 0.9162109375 0.04189453125
63 0.04189453125 0.9162109375 0.04189453125
64 0.04189453125 0.9162109375 0.04189453125
65 0.04189453125 0.9162109375 0.04189453125
66 0.04189453125 0.9162109375 0.04189453125
67 0.04189453125 0.9162109375 0.04189453125
68 0.04189453125 0.9162109375 0.04189453125
69 0.04189453125 0.9162109375 0.04189453125
70 0.04189453125 0.9162109375 0.04189453125
71 0.04189453125 0.9162109375 0.04189453125
72 0.04189453125 0.9162109375 0.04189453125
73 0.04189453125 0.9162109375 0.04189453125
74 0.04189453125 0.9162109375 0.04189453125
75 0.04189453125 0.9162109375 0.04189453125
76 0.04189453125 0.9162109375 0.04189453125
77 0.04189453125 0.9162109375 0.04189453125
78 0.04189453125 0.9162109375 0.04189453125
79 0.04189453125 0.9162109375 0.04189453125
80 0.04189453125 0.9162109375 0.04189453125
81 0.04189453125 0.9162109375 0.04189453125
82 0.04189453125 0.9162109375 0.04189453125
83 0.04189453125 0.9162109375 0.04189453125
84 0.04189453125 0.9162109375 0.04189453125
85 0.04189453125 0.9162109375 0.04189453125
86 0.04189453125 0.9162109375 0.04189453125
87 0.04189453125 0.9162109375 0.04189453125
88 0.04189453125 0.9162109375 0.04189453125
89 0.04189453125 0.9162109375 0.04189453125
90 0.04189453125 0.9162109375 0.04189453125