maxcnt:90
cntdiff -1 0 1
0 0.00 0.948046875 0.051953125
1 0.051953125 0.89609375 0.051953125
2 0.051953125 0.89609375 0.051953125
3 0.051953125 0.89609375 0.051953125
4 0.051953125 0.89609375 0.051953125
5 0.051953125 0.89609375 0.051953125
6 0.051953125 0.89609375 0.051953125
7 0.051953125 0.89609375 0.051953125
8 0.051953125 0.89609375 0.051953125
9 0.051953125 0.89609375 0.051953125
10 0.051953125 0.89609375 0.051953125
11 0.051953125 0.89609375 0.051953125
12 0.051953125 0.89609375 0.051953125
13 0.051953125 0.89609375 0.051953125
14 0.051953125 0.89609375 0.051953125
15 0.051953125 0.89609375 0.051953125
16 0.051953125 0.89609375 0.051953125
17 0.051953125 0.89609375 0.051953125
18 0.051953125 0.89609375 0.051953125
19 0.051953125 0.89609375 0.051953125
20 0.051953125 0.89609375 0.051953125
21 0.051953125 0.89609375 0.051953125
22 0.051953125 0.89609375 0.051953125
23 0.051953125 0.89609375 0.051953125
24 0.051953125 0.89609375 0.051953125
25 0.051953125 0.89609375 0.051953125
26 0.051953125 0.89609375 0.051953125
27 0.051953125 0.89609375 0.051953125
28 0.051953125 0.89609375 0.051953125
29 0.051953125 0.89609375 0.051953125
30 0.051953125 0.89609375 0.051953125
31 0.051953125 0.89609375 0.051953125
32 0.051953125 0.89609375 0.051953125
33 0.051953125 0.89609375 0.051953125
34 0.051953125 0.89609375 0.051953125
35 0.051953125 0.89609375 0.051953125
36 0.051953125 0.89609375 0.051953125
37 0.051953125 0.89609375 0.051953125
38 0.051953125 0.89609375 0.051953125
39 0.051953125 0.89609375 0.051953125
40 0.051953125 0.89609375 0.051953125
41 0.051953125 0.89609375 0.051953125
42 0.051953125 0.89609375 0.051953125
43 0.051953125 0.89609375 0.051953125
44 0.051953125 0.89609375 0.051953125
45 0.051953125 0.89609375 0.051953125
46 0.051953125 0.89609375 0.051953125
47 0.051953125 0.89609375 0.051953125
48 0.051953125 0.89609375 0.051953125
49 0.051953125 0.89609375 0.051953125
50 0.051953125 0.89609375 0.051953125
51 0.051953125 0.89609375 0.051953125
52 0.051953125 0.89609375 0.051953125
53 0.051953125 0.89609375 0.051953125
54 0.051953125 0.89609375 0.051953125
55 0.051953125 0.89609375 0.051953125
56 0.051953125 0.89609375 0.051953125
57 0.051953125 0.89609375 0.051953125
58 0.051953125 0.89609375 0.051953125
59 0.051953125 0.89609375 0.051953125
60 0.051953125 0.89609375 0.051953125
61 0.051953125 0.89609375 0.051953125
62 0.051953125 0.89609375 0.051953125
63 0.051953125 0.89609375 0.051953125
64 0.051953125 0.89609375 0.051953125
65 0.051953125 0.89609375 0.051953125
66 0.051953125 0.89609375 0.051953125
67 0.051953125 0.89609375 0.051953125
68 0.051953125 0.89609375 0.051953125
69 0.051953125 0.89609375 0.051953125
70 0.051953125 0.89609375 0.051953125
71 0.051953125 0.89609375 0.051953125
72 0.051953125 0.89609375 0.051953125
73 0.051953125 0.89609375 0.051953125
74 0.051953125 0.89609375 0.051953125
75 0.051953125 0.89609375 0.051953125
76 0.051953125 0.89609375 0.051953125
77 0.051953125 0.89609375 0.051953125
78 0.051953125 0.89609375 0.051953125
79 0.051953125 0.89609375 0.051953125
80 0.051953125 0.89609375 0.051953125
81 0.051953125 0.89609375 0.051953125
82 0.051953125 0.89609375 0.051953125
83 0.051953125 0.89609375 0.051953125
84 0.051953125 0.89609375 0.051953125
85 0.051953125 0.89609375 0.051953125
86 0.051953125 0.89609375 0.051953125
87 0.051953125 0.89609375 0.051953125
88 0.051953125 0.89609375 0.051953125
89 0.051953125 0.89609375 0.051953125
90 0.051953125 0.89609375 0.051953125