maxcnt:90
cntdiff -1 0 1
0 0.00 0.95625 0.04375
1 0.04375 0.9125 0.04375
2 0.04375 0.9125 0.04375
3 0.04375 0.9125 0.04375
4 0.04375 0.9125 0.04375
5 0.04375 0.9125 0.04375
6 0.04375 0.9125 0.04375
7 0.04375 0.9125 0.04375
8 0.04375 0.9125 0.04375
9 0.04375 0.9125 0.04375
10 0.04375 0.9125 0.04375
11 0.04375 0.9125 0.04375
12 0.04375 0.9125 0.04375
13 0.04375 0.9125 0.04375
14 0.04375 0.9125 0.04375
15 0.04375 0.9125 0.04375
16 0.04375 0.9125 0.04375
17 0.04375 0.9125 0.04375
18 0.04375 0.9125 0.04375
19 0.04375 0.9125 0.04375
20 0.04375 0.9125 0.04375
21 0.04375 0.9125 0.04375
22 0.04375 0.9125 0.04375
23 0.04375 0.9125 0.04375
24 0.04375 0.9125 0.04375
25 0.04375 0.9125 0.04375
26 0.04375 0.9125 0.04375
27 0.04375 0.9125 0.04375
28 0.04375 0.9125 0.04375
29 0.04375 0.9125 0.04375
30 0.04375 0.9125 0.04375
31 0.04375 0.9125 0.04375
32 0.04375 0.9125 0.04375
33 0.04375 0.9125 0.04375
34 0.04375 0.9125 0.04375
35 0.04375 0.9125 0.04375
36 0.04375 0.9125 0.04375
37 0.04375 0.9125 0.04375
38 0.04375 0.9125 0.04375
39 0.04375 0.9125 0.04375
40 0.04375 0.9125 0.04375
41 0.04375 0.9125 0.04375
42 0.04375 0.9125 0.04375
43 0.04375 0.9125 0.04375
44 0.04375 0.9125 0.04375
45 0.04375 0.9125 0.04375
46 0.04375 0.9125 0.04375
47 0.04375 0.9125 0.04375
48 0.04375 0.9125 0.04375
49 0.04375 0.9125 0.04375
50 0.04375 0.9125 0.04375
51 0.04375 0.9125 0.04375
52 0.04375 0.9125 0.04375
53 0.04375 0.9125 0.04375
54 0.04375 0.9125 0.04375
55 0.04375 0.9125 0.04375
56 0.04375 0.9125 0.04375
57 0.04375 0.9125 0.04375
58 0.04375 0.9125 0.04375
59 0.04375 0.9125 0.04375
60 0.04375 0.9125 0.04375
61 0.04375 0.9125 0.04375
62 0.04375 0.9125 0.04375
63 0.04375 0.9125 0.04375
64 0.04375 0.9125 0.04375
65 0.04375 0.9125 0.04375
66 0.04375 0.9125 0.04375
67 0.04375 0.9125 0.04375
68 0.04375 0.9125 0.04375
69 0.04375 0.9125 0.04375
70 0.04375 0.9125 0.04375
71 0.04375 0.9125 0.04375
72 0.04375 0.9125 0.04375
73 0.04375 0.9125 0.04375
74 0.04375 0.9125 0.04375
75 0.04375 0.9125 0.04375
76 0.04375 0.9125 0.04375
77 0.04375 0.9125 0.04375
78 0.04375 0.9125 0.04375
79 0.04375 0.9125 0.04375
80 0.04375 0.9125 0.04375
81 0.04375 0.9125 0.04375
82 0.04375 0.9125 0.04375
83 0.04375 0.9125 0.04375
84 0.04375 0.9125 0.04375
85 0.04375 0.9125 0.04375
86 0.04375 0.9125 0.04375
87 0.04375 0.9125 0.04375
88 0.04375 0.9125 0.04375
89 0.04375 0.9125 0.04375
90 0.04375 0.9125 0.04375